100
4 2
5 2
6 2
1000 1000
1000 1
611 512
811 653
999 256
935 838
626 576
500 256
500 255
335 292
389 348
966 930
4 1
999 127
5 1
1 1
500 250
751 665
500 249
500 89
999 1
999 498
720 594
999 504
338 263
1000 999
500 148
461 451
999 998
316 237
450 403
828 662
999 499
999 488
664 589
500 1
999 2
459 449
645 589
500 245
1000 512
1000 499
2 2
941 731
366 342
999 487
999 410
794 607
841 667
500 127
478 439
1000 489
500 244
630 490
3 1
500 117
500 128
367 303
752 670
1000 488
1000 127
999 255
999 999
976 835
736 699
1000 255
1000 511
621 476
764 608
983 885
683 565
999 497
1000 498
999 512
500 499
500 2
1000 2
3 2
2 1
500 248
1000 500
1000 374
393 392
500 251
1000 256
895 842
500 116
646 530
999 128
876 846
654 587
841 794
1000 128
1000 506
500 500
860 752
999 511
